Multiple size <= 100
TEST 1 ARG:75 23 57 13 16 73 5 79 43 95 76 26 8 92 93 53 38 14 97 20 59 83 46 47 72 6 35 84 19 61 99 45 64 88 25 31 55 68 87 60 15 0 4 17 9 70 33 80 91 62 69 66 78 65 51 34 52 81 44 22 74 21 11 7 90 40 32 3 63 18 71 96 24 94 36 12 30 56 29 67 48 58 2 98 37 41 50 85 1 10 86 89 39 27 82 49 54 42 77 28
TEST 2 ARG:62 29 23 35 30 68 41 49 13 39 3 60 57 95 55 45 44 97 79 6 58 67 20 83 88 7 61 93 63 64 72 43 16 69 8 22 31 75 4 71 10 76 28 11 19 15 1 18 48 78 96 81 26 53 77 40 92 32 24 86 47 21 59 14 34 80 50 70 0 52 17 74 25 37 99 12 54 46 36 89 42 82 27 9 65 84 85 73 91 66 98 38 5 90 51 2 87 33 94 56
TEST 3 ARG:67 87 90 69 54 46 15 85 48 68 0 10 60 79 88 38 25 72 92 98 76 56 5 59 44 55 21 29 82 78 24 17 94 71 2 31 47 57 91 9 66 49 73 33 65 93 99 18 51 84 8 50 83 97 62 36 40 80 11 19 75 7 37 81 43 64 14 74 89 27 22 1 4 35 6 61 77 42 86 12 20 30 34 45 53 96 39 63 26 3 52 32 13 58 70 16 23 95 28 41
TEST 4 ARG:24 55 83 68 62 69 99 40 72 0 86 18 15 39 70 78 60 64 1 74 88 82 41 3 77 35 95 67 84 32 53 20 97 14 21 12 28 30 22 66 9 63 65 8 58 48 51 54 81 52 38 59 13 92 6 57 90 89 45 23 37 73 44 46 61 17 87 56 5 43 85 10 7 29 42 19 34 50 94 98 26 93 79 11 47 25 96 49 80 76 2 4 33 16 75 31 36 91 27 71
TEST 5 ARG:80 10 88 52 6 66 34 73 65 94 40 49 89 67 91 45 18 7 9 83 84 69 30 47 39 11 90 87 46 26 1 61 85 23 13 72 35 0 25 68 5 36 22 12 77 16 63 92 51 3 50 29 48 4 53 19 33 60 74 44 71 97 78 32 42 99 58 24 95 43 37 98 76 38 54 28 56 96 20 81 14 17 62 86 21 41 15 82 59 55 70 93 8 27 31 64 2 79 57 75
TEST 6 ARG:85 3 90 24 77 65 68 26 58 70 81 19 32 29 67 51 45 20 2 91 44 42 72 16 99 47 5 33 62 57 98 89 97 69 1 41 61 28 93 95 8 22 66 82 9 21 94 12 63 0 25 55 36 18 71 11 35 74 54 56 49 46 38 30 31 92 7 78 96 39 73 23 13 60 6 59 17 14 4 15 37 87 86 75 79 53 10 52 64 84 88 43 48 40 34 76 83 27 80 50
TEST 7 ARG:58 21 22 68 78 28 8 19 30 44 53 81 18 80 55 52 20 91 32 93 5 54 35 27 63 49 40 74 84 34 73 14 51 72 92 62 86 17 57 25 45 33 96 1 71 75 10 41 97 65 3 38 82 99 23 48 15 11 59 87 29 79 39 56 83 9 37 16 31 6 26 67 77 24 47 36 85 66 64 4 76 46 50 69 89 88 0 94 61 12 43 2 7 70 95 13 42 90 60 98
TEST 8 ARG:97 87 75 78 68 92 64 81 45 83 65 23 31 47 69 66 1 33 94 51 91 57 44 56 36 19 13 84 40 76 96 16 17 82 8 9 7 18 99 46 11 80 12 35 72 27 61 6 60 95 22 73 38 53 14 63 67 50 93 29 26 49 2 71 79 88 42 24 89 32 0 85 54 28 55 4 10 98 41 48 25 20 52 43 15 62 86 37 39 90 5 21 30 58 70 34 74 59 3 77
TEST 9 ARG:7 80 56 26 70 84 61 28 37 25 24 73 19 55 43 90 51 75 85 78 31 72 0 8 20 29 60 57 50 76 6 21 40 71 98 22 9 93 86 82 69 67 13 46 83 87 15 11 79 12 45 53 89 1 68 47 59 96 58 88 35 54 62 95 44 4 77 91 92 66 27 63 30 36 5 10 17 42 39 32 38 52 99 14 64 81 94 41 65 48 97 3 33 16 49 34 23 18 2 74
TEST 10 ARG:13 99 94 50 83 44 79 16 60 82 33 38 48 15 45 93 26 9 37 49 86 7 95 98 53 42 41 35 84 68 20 65 10 23 64 56 97 18 67 55 58 90 51 76 73 30 22 88 70 92 66 85 91 14 34 24 0 19 59 11 61 4 2 43 77 80 54 46 52 31 39 87 47 8 36 69 3 1 5 72 78 81 6 28 96 25 74 27 29 71 17 62 89 40 57 32 12 75 21 63
TEST 11 ARG:42 79 81 95 99 70 37 34 91 72 97 30 67 29 16 57 8 0 75 77 44 64 13 56 21 83 78 92 3 86 1 32 51 33 96 15 41 73 18 19 28 82 14 59 47 35 76 39 62 69 84 63 65 54 24 74 12 9 87 48 6 22 27 61 11 17 88 85 46 68 43 2 45 4 80 98 58 52 49 93 31 10 36 20 26 55 94 53 25 5 40 71 7 89 50 38 60 23 66 90
TEST 12 ARG:19 29 7 14 46 66 0 24 25 45 20 53 67 99 3 61 70 54 71 21 75 95 26 78 47 92 82 17 32 63 86 35 64 57 85 49 4 79 9 73 77 23 81 16 37 10 48 18 93 80 22 94 39 59 55 5 87 83 52 51 74 31 6 8 97 43 30 27 50 12 84 69 42 58 62 38 72 96 56 36 98 40 60 91 33 11 1 13 41 34 15 68 2 44 28 88 90 65 89 76
TEST 13 ARG:57 75 92 3 63 41 79 84 1 66 43 95 7 56 27 67 78 62 0 12 60 38 21 23 32 58 36 90 46 59 52 2 72 69 88 34 18 14 99 10 44 74 11 61 55 85 17 83 68 97 15 98 53 91 77 6 80 96 39 65 4 26 82 35 94 20 64 5 50 13 37 70 28 29 73 25 42 30 22 89 40 47 54 51 33 71 19 76 16 45 24 31 87 81 49 86 8 93 9 48
